  4e  2c  20  38  30  2e  30  30  30  30  30  2c  20  57  2c  20
   N   ,       8   0   .   0   0   0   0   0   ,       W   ,    
  31  38  30  2e  30  30  30  30  30  2c  20  46  2c  20  20  20
   1   8   0   .   0   0   0   0   0   ,       F   ,            
  32  36  32  34  37  2c  20  32  30  30  32  2f  30  31  2f  30
   2   6   2   4   7   ,       2   0   0   2   /   0   1   /   0
  30  2c  20  48  30  2c  20  44  32  2c  20  50  30  2c  20  43
   0   ,       H   0   ,       D   2   ,       P   0   ,       C
  34  2c  20  53  30  0a
   4   ,       S   0  \n
